n = 10
Capacitate rucsac = 300

Iteratia 1 are rezultatele valide: 

pentru Cautare Aleatoare:

[1, 0, 0, 1, 1, 0, 0, 0, 1, 1], 140

[1, 1, 1, 1, 1, 1, 1, 1, 0, 0], 259

[0, 0, 1, 1, 1, 1, 1, 0, 1, 0], 204

[1, 0, 0, 1, 1, 1, 0, 0, 1, 1], 160

[0, 0, 0, 1, 0, 0, 1, 0, 1, 1], 92

[0, 0, 0, 0, 0, 1, 0, 0, 0, 0], 20

[1, 1, 1, 0, 0, 1, 0, 0, 1, 0], 195

[0, 0, 0, 1, 1, 1, 1, 1, 0, 1], 134

[0, 1, 1, 0, 1, 0, 0, 1, 0, 0], 152

[0, 1, 1, 1, 1, 0, 1, 1, 0, 0], 194

[0, 1, 0, 0, 1, 1, 1, 1, 1, 1], 167

[0, 1, 1, 1, 0, 1, 0, 0, 0, 1], 170

[1, 1, 0, 0, 0, 0, 0, 0, 0, 1], 98

[1, 1, 0, 0, 1, 1, 1, 1, 1, 0], 182

[1, 1, 0, 0, 1, 1, 1, 1, 0, 0], 162

[0, 0, 0, 1, 1, 1, 0, 0, 1, 0], 85

[1, 1, 0, 1, 1, 0, 1, 0, 1, 0], 165

[1, 0, 0, 1, 0, 1, 0, 0, 0, 1], 105

[0, 1, 1, 1, 0, 0, 0, 0, 1, 0], 140

[0, 0, 1, 1, 0, 0, 1, 1, 0, 1], 166

[1, 0, 1, 1, 0, 1, 1, 0, 0, 1], 224

[0, 0, 0, 1, 0, 0, 0, 1, 1, 1], 67

[0, 0, 0, 0, 1, 1, 0, 1, 0, 1], 92

[1, 0, 0, 0, 1, 1, 0, 0, 1, 0], 120

[1, 1, 0, 1, 1, 0, 0, 1, 0, 0], 120

[1, 1, 0, 0, 0, 0, 1, 0, 0, 1], 130

[1, 1, 0, 0, 0, 1, 0, 1, 1, 1], 145

[1, 0, 1, 1, 1, 1, 0, 1, 0, 1], 234

[0, 1, 0, 1, 0, 0, 1, 1, 1, 1], 122

[1, 1, 0, 1, 0, 0, 1, 1, 1, 0], 137

[0, 0, 0, 0, 0, 0, 1, 0, 1, 0], 52

[1, 0, 1, 0, 1, 0, 1, 0, 1, 1], 249

[1, 0, 1, 1, 1, 1, 1, 0, 0, 1], 259

[1, 0, 0, 1, 0, 0, 0, 1, 0, 1], 92

[0, 0, 1, 1, 0, 0, 0, 0, 1, 1], 147

[0, 1, 0, 1, 1, 0, 1, 1, 1, 0], 127

[1, 1, 0, 0, 1, 1, 1, 0, 1, 1], 205

[0, 0, 1, 1, 1, 0, 1, 1, 1, 0], 191

[0, 1, 1, 0, 0, 0, 1, 0, 0, 1], 172

[1, 1, 0, 0, 0, 1, 0, 0, 0, 0], 88

[0, 1, 1, 1, 0, 0, 1, 1, 0, 1], 189

[0, 1, 1, 1, 1, 1, 1, 1, 1, 0], 234

[1, 0, 0, 0, 1, 0, 1, 1, 1, 0], 139

[1, 0, 0, 0, 0, 0, 1, 0, 1, 1], 127

[1, 1, 0, 0, 1, 1, 1, 1, 1, 0], 182

[0, 1, 0, 0, 0, 0, 1, 0, 1, 1], 105

[0, 1, 1, 0, 0, 0, 0, 0, 0, 0], 110

[0, 1, 1, 0, 0, 0, 0, 1, 1, 0], 137

[1, 0, 0, 1, 0, 0, 1, 1, 0, 0], 94

[1, 1, 1, 1, 0, 0, 0, 0, 1, 1], 215

[1, 1, 0, 1, 1, 0, 0, 1, 1, 0], 140

[0, 1, 1, 1, 1, 1, 1, 1, 1, 0], 234

[1, 1, 1, 0, 1, 0, 0, 0, 0, 1], 220

[1, 0, 1, 1, 1, 1, 0, 1, 1, 1], 254

[1, 1, 0, 1, 0, 0, 0, 0, 1, 1], 128

[1, 1, 0, 0, 1, 1, 0, 0, 1, 0], 143

[1, 0, 1, 1, 0, 1, 0, 0, 1, 0], 182

[1, 0, 0, 1, 0, 1, 0, 0, 0, 1], 105

[1, 1, 1, 1, 1, 0, 1, 0, 1, 0], 252

[0, 0, 1, 0, 1, 1, 1, 0, 0, 0], 174

[0, 1, 1, 1, 0, 0, 0, 1, 1, 1], 177

[0, 0, 1, 0, 0, 1, 0, 0, 1, 1], 157

[0, 1, 0, 0, 1, 1, 1, 1, 0, 1], 147

[0, 0, 1, 1, 0, 0, 0, 0, 1, 1], 147

[0, 0, 1, 1, 0, 0, 0, 1, 1, 0], 124

[0, 1, 1, 1, 0, 0, 1, 0, 1, 0], 172

[1, 0, 0, 1, 0, 1, 1, 0, 1, 0], 127

[0, 0, 0, 1, 0, 0, 0, 0, 1, 1], 60

[0, 0, 1, 0, 0, 0, 1, 1, 1, 0], 146

[1, 1, 0, 0, 0, 0, 1, 0, 0, 1], 130

[0, 1, 1, 0, 0, 0, 1, 1, 0, 1], 179

[1, 1, 1, 0, 1, 1, 1, 1, 0, 1], 279

[0, 1, 1, 1, 0, 1, 1, 1, 0, 0], 179

[1, 0, 1, 0, 0, 1, 1, 0, 0, 0], 184

[0, 1, 1, 1, 0, 0, 1, 1, 0, 1], 189

[0, 0, 1, 1, 1, 0, 1, 0, 1, 1], 214

[1, 0, 1, 1, 1, 0, 1, 0, 1, 0], 229

[0, 0, 0, 1, 0, 0, 1, 0, 0, 0], 42

[1, 0, 1, 0, 1, 0, 1, 1, 1, 1], 256

[0, 1, 1, 1, 0, 1, 0, 0, 1, 0], 160

[1, 0, 0, 1, 0, 0, 0, 0, 0, 1], 85

[1, 0, 0, 1, 0, 0, 1, 1, 0, 0], 94

[0, 1, 0, 1, 1, 0, 0, 0, 0, 0], 68

[1, 1, 0, 1, 1, 1, 0, 1, 0, 1], 170

[1, 1, 1, 0, 1, 0, 0, 1, 0, 1], 227

[1, 0, 1, 0, 0, 1, 1, 1, 1, 1], 241

[0, 0, 1, 1, 0, 1, 1, 0, 0, 0], 149

[0, 1, 0, 1, 0, 0, 1, 1, 1, 0], 92

[1, 0, 1, 0, 0, 1, 1, 1, 0, 1], 221

[0, 1, 1, 0, 1, 0, 1, 1, 1, 1], 234

[0, 0, 0, 1, 0, 0, 0, 1, 1, 0], 37

[0, 1, 0, 1, 0, 1, 0, 0, 1, 0], 73

[0, 0, 0, 0, 0, 1, 1, 1, 0, 1], 89

[0, 1, 0, 1, 1, 1, 0, 0, 0, 1], 118

[0, 0, 0, 0, 1, 1, 1, 1, 0, 1], 124

[1, 1, 0, 1, 1, 1, 1, 1, 0, 0], 172

[0, 0, 0, 1, 1, 0, 1, 1, 1, 1], 134

[1, 1, 0, 1, 0, 0, 0, 0, 1, 0], 98

[1, 0, 0, 0, 0, 1, 1, 1, 0, 0], 104

[0, 1, 0, 1, 0, 1, 1, 0, 1, 0], 105

Timp de executie 0.007875500000000368 


pentru Random Hill Climbing: 
[0, 1, 1, 1, 1, 0, 0, 0, 1, 1], 282

Timp de executie 0.0010712999999999973 


Iteratia 2 are rezultatele valide: 

pentru Cautare Aleatoare:

[0, 1, 0, 1, 1, 0, 1, 1, 1, 1], 157

[1, 0, 0, 0, 1, 0, 0, 0, 0, 0], 80

[0, 1, 1, 0, 0, 0, 1, 0, 1, 0], 162

[0, 1, 0, 1, 1, 1, 1, 1, 1, 1], 177

[0, 1, 1, 1, 0, 0, 1, 0, 0, 0], 152

[0, 0, 0, 0, 1, 0, 1, 1, 1, 0], 94

[1, 1, 1, 0, 0, 1, 1, 0, 1, 1], 257

[1, 1, 0, 1, 1, 0, 0, 0, 1, 0], 133

[0, 0, 0, 0, 0, 0, 1, 0, 1, 0], 52

[0, 1, 1, 0, 1, 1, 1, 1, 0, 1], 234

[0, 1, 0, 1, 1, 1, 0, 1, 1, 1], 145

[0, 0, 1, 1, 0, 0, 0, 0, 1, 1], 147

[1, 0, 0, 0, 0, 0, 1, 1, 1, 1], 134

[0, 0, 1, 0, 0, 1, 1, 1, 0, 0], 146

[1, 1, 1, 0, 0, 1, 1, 1, 1, 1], 264

[0, 1, 1, 0, 0, 0, 1, 0, 0, 1], 172

[0, 0, 0, 0, 1, 1, 0, 0, 0, 1], 85

[1, 1, 1, 1, 0, 0, 1, 1, 0, 0], 204

[0, 0, 1, 0, 1, 0, 1, 0, 1, 0], 174

[0, 0, 0, 1, 0, 0, 0, 0, 1, 0], 30

[0, 1, 0, 1, 0, 1, 1, 1, 1, 0], 112

[1, 0, 0, 0, 1, 1, 0, 0, 0, 0], 100

[1, 1, 0, 1, 0, 0, 0, 1, 0, 0], 85

[1, 1, 0, 1, 0, 0, 1, 1, 0, 0], 117

[1, 1, 1, 1, 0, 1, 1, 0, 1, 0], 237

[0, 1, 1, 0, 0, 0, 0, 1, 0, 0], 117

[0, 0, 1, 0, 0, 0, 0, 0, 0, 0], 87

[1, 0, 1, 0, 1, 0, 0, 1, 1, 1], 224

[0, 0, 0, 1, 0, 1, 1, 1, 0, 0], 69

[1, 1, 0, 1, 1, 0, 1, 1, 0, 0], 152

[1, 0, 0, 1, 1, 0, 0, 1, 0, 0], 97

[1, 1, 1, 1, 0, 1, 0, 0, 1, 1], 235

[0, 1, 0, 0, 1, 0, 0, 1, 1, 1], 115

[0, 1, 0, 1, 1, 0, 1, 0, 1, 1], 150

[0, 1, 0, 1, 0, 0, 0, 0, 1, 0], 53

[0, 1, 1, 0, 1, 0, 1, 1, 1, 1], 234

[0, 0, 1, 1, 1, 1, 0, 1, 1, 0], 179

[0, 1, 1, 0, 0, 1, 0, 1, 0, 1], 167

[1, 1, 1, 0, 0, 1, 1, 1, 1, 0], 234

[1, 0, 1, 0, 0, 1, 1, 0, 0, 1], 214

[1, 1, 1, 0, 1, 1, 0, 0, 0, 0], 210

[0, 1, 0, 0, 0, 0, 0, 0, 0, 0], 23

[0, 0, 0, 0, 1, 0, 1, 1, 1, 0], 94

[1, 0, 1, 0, 1, 1, 0, 0, 1, 1], 237

[0, 0, 0, 0, 0, 0, 0, 0, 0, 1], 30

[0, 1, 1, 0, 0, 1, 1, 0, 0, 0], 162

[1, 0, 0, 1, 0, 0, 0, 0, 1, 1], 105

[0, 0, 0, 1, 1, 1, 0, 0, 1, 0], 85

[0, 0, 1, 0, 1, 0, 0, 0, 1, 0], 142

[1, 0, 1, 1, 1, 0, 0, 1, 1, 0], 204

[1, 1, 1, 1, 0, 1, 0, 1, 0, 0], 192

[0, 0, 0, 1, 1, 0, 1, 0, 1, 1], 127

[0, 0, 1, 1, 0, 1, 1, 1, 1, 1], 206

[0, 1, 0, 1, 0, 1, 0, 0, 0, 1], 83

[0, 0, 0, 1, 1, 1, 0, 0, 1, 1], 115

[1, 0, 0, 1, 1, 0, 0, 0, 1, 0], 110

[1, 0, 0, 0, 1, 0, 0, 0, 1, 0], 100

[1, 1, 1, 1, 0, 1, 1, 1, 1, 1], 274

[1, 1, 1, 0, 1, 1, 0, 1, 1, 1], 267

[1, 0, 0, 0, 0, 1, 0, 0, 1, 1], 115

[0, 0, 0, 1, 0, 0, 0, 0, 0, 0], 10

[1, 1, 1, 0, 1, 0, 1, 1, 1, 0], 249

[1, 1, 0, 1, 0, 0, 0, 0, 1, 1], 128

[1, 1, 0, 1, 0, 0, 0, 1, 1, 1], 135

[1, 1, 0, 1, 0, 0, 0, 1, 0, 1], 115

[0, 0, 0, 1, 1, 0, 0, 1, 0, 1], 82

[1, 1, 1, 0, 0, 0, 0, 1, 1, 0], 182

[1, 1, 0, 1, 1, 0, 0, 0, 1, 0], 133

[0, 0, 0, 1, 1, 1, 1, 0, 0, 1], 127

[0, 0, 0, 0, 1, 1, 0, 1, 0, 1], 92

[0, 1, 0, 1, 1, 0, 0, 0, 1, 1], 118

[1, 1, 1, 1, 0, 1, 1, 1, 1, 0], 244

[0, 0, 0, 1, 0, 1, 0, 1, 1, 0], 57

[1, 0, 0, 0, 1, 0, 1, 0, 0, 0], 112

[1, 1, 1, 1, 1, 0, 0, 0, 0, 1], 230

[0, 1, 1, 1, 1, 1, 1, 1, 0, 0], 214

[1, 1, 1, 1, 0, 0, 0, 0, 0, 0], 165

[0, 1, 0, 1, 1, 1, 0, 0, 1, 0], 108

[1, 0, 1, 1, 1, 0, 0, 0, 0, 0], 177

[1, 0, 0, 0, 1, 0, 1, 1, 1, 1], 169

[1, 0, 1, 1, 0, 0, 0, 1, 1, 1], 199

[1, 0, 1, 0, 1, 1, 0, 1, 0, 0], 194

[0, 1, 1, 1, 0, 1, 1, 0, 0, 1], 202

[0, 1, 0, 0, 0, 1, 1, 0, 1, 0], 95

[1, 0, 1, 1, 0, 0, 1, 1, 0, 0], 181

[1, 1, 1, 1, 1, 0, 1, 1, 0, 0], 239

[1, 1, 0, 1, 0, 0, 1, 0, 0, 1], 140

[1, 1, 1, 1, 0, 0, 0, 1, 1, 1], 222

[1, 1, 0, 1, 0, 0, 1, 1, 0, 1], 147

[1, 1, 0, 1, 0, 0, 1, 0, 0, 1], 140

[1, 1, 0, 1, 1, 1, 1, 1, 0, 1], 202

[0, 1, 0, 0, 1, 0, 1, 1, 0, 1], 127

[1, 0, 0, 1, 0, 0, 1, 0, 0, 0], 87

[1, 0, 0, 1, 1, 1, 0, 1, 1, 0], 137

[1, 0, 1, 1, 1, 0, 1, 0, 0, 0], 209

[1, 1, 0, 1, 0, 0, 0, 1, 1, 1], 135

[0, 0, 1, 0, 0, 1, 1, 1, 0, 1], 176

[1, 1, 0, 1, 0, 0, 1, 0, 1, 0], 130

[1, 0, 1, 1, 0, 1, 1, 1, 1, 0], 221

[1, 0, 1, 1, 0, 0, 0, 0, 1, 0], 162

Timp de executie 0.006074799999999936 


pentru Random Hill Climbing: 
[0, 1, 1, 1, 0, 0, 1, 0, 0, 1], 282

Timp de executie 0.0012419999999999654 


Iteratia 3 are rezultatele valide: 

pentru Cautare Aleatoare:

[1, 0, 0, 1, 1, 0, 1, 1, 1, 1], 179

[0, 0, 0, 0, 0, 0, 1, 0, 1, 0], 52

[0, 1, 0, 1, 1, 0, 0, 1, 1, 1], 125

[1, 1, 0, 0, 0, 1, 1, 1, 1, 1], 177

[0, 0, 1, 1, 1, 0, 0, 0, 1, 1], 182

[0, 1, 0, 1, 1, 0, 0, 0, 0, 0], 68

[0, 0, 1, 1, 1, 1, 0, 1, 0, 0], 159

[0, 0, 0, 1, 1, 1, 1, 1, 0, 0], 104

[1, 1, 0, 1, 0, 1, 1, 1, 1, 1], 187

[1, 0, 1, 1, 1, 0, 0, 1, 0, 0], 184

[1, 1, 0, 1, 1, 0, 0, 1, 0, 0], 120

[0, 1, 1, 1, 1, 1, 1, 0, 1, 0], 227

[1, 0, 1, 0, 0, 0, 1, 0, 0, 1], 194

[0, 1, 0, 1, 1, 0, 0, 0, 1, 0], 88

[1, 0, 1, 1, 0, 0, 1, 1, 1, 0], 201

[0, 1, 0, 0, 1, 0, 0, 1, 1, 1], 115

[0, 1, 0, 1, 0, 1, 1, 1, 0, 1], 122

[0, 0, 1, 0, 0, 1, 1, 1, 1, 0], 166

[1, 1, 1, 1, 1, 1, 1, 1, 0, 0], 259

[0, 1, 0, 1, 1, 1, 0, 1, 1, 0], 115

[1, 0, 1, 1, 1, 0, 1, 0, 0, 0], 209

[1, 0, 1, 1, 0, 0, 1, 0, 1, 1], 224

[1, 1, 1, 0, 0, 1, 0, 0, 0, 0], 175

[1, 0, 0, 0, 0, 0, 0, 0, 0, 0], 45

[1, 0, 1, 0, 1, 0, 1, 1, 1, 0], 226

[0, 1, 0, 0, 1, 1, 1, 1, 1, 0], 137

[0, 1, 1, 0, 0, 0, 1, 0, 0, 0], 142

[1, 0, 0, 0, 0, 1, 0, 1, 1, 0], 92

[1, 1, 0, 1, 0, 1, 1, 0, 0, 0], 130

[1, 0, 0, 1, 1, 1, 1, 1, 1, 0], 169

[0, 0, 1, 1, 0, 0, 0, 0, 0, 1], 127

[0, 1, 1, 1, 1, 0, 0, 0, 0, 0], 155

[1, 1, 1, 1, 0, 0, 0, 1, 0, 0], 172

[0, 1, 0, 1, 1, 0, 1, 1, 1, 0], 127

[0, 1, 1, 1, 1, 1, 1, 0, 1, 1], 257

[1, 0, 1, 1, 0, 1, 0, 0, 0, 1], 192

[1, 1, 0, 0, 1, 0, 1, 0, 1, 1], 185

[0, 1, 1, 1, 0, 0, 0, 1, 0, 0], 127

[1, 1, 1, 0, 1, 1, 1, 1, 0, 0], 249

[0, 0, 0, 0, 1, 0, 1, 1, 1, 0], 94

[0, 1, 0, 0, 0, 0, 1, 1, 0, 1], 92

[0, 0, 0, 0, 0, 1, 0, 1, 1, 1], 77

[1, 0, 1, 1, 1, 1, 0, 0, 1, 1], 247

[1, 1, 0, 1, 0, 1, 1, 0, 1, 1], 180

[1, 1, 1, 1, 1, 1, 1, 1, 0, 1], 289

[1, 1, 0, 0, 0, 0, 1, 0, 0, 0], 100

[1, 1, 1, 0, 0, 1, 0, 0, 1, 0], 195

[1, 0, 1, 0, 0, 1, 1, 0, 1, 1], 234

[0, 0, 0, 0, 1, 1, 1, 1, 1, 0], 114

[0, 0, 1, 1, 0, 1, 1, 0, 1, 0], 169

[0, 1, 0, 0, 0, 1, 1, 1, 1, 1], 132

[0, 0, 1, 0, 1, 0, 1, 1, 1, 1], 211

[1, 1, 0, 0, 0, 1, 1, 1, 1, 1], 177

[1, 0, 0, 0, 1, 0, 1, 1, 0, 0], 119

[0, 1, 0, 0, 1, 1, 0, 1, 0, 0], 85

[1, 0, 1, 0, 1, 0, 0, 0, 0, 1], 197

[1, 1, 1, 0, 0, 1, 1, 0, 1, 0], 227

[0, 0, 1, 1, 1, 0, 1, 0, 0, 0], 164

[0, 1, 1, 0, 1, 0, 0, 1, 0, 1], 182

[1, 1, 0, 1, 0, 0, 1, 0, 0, 0], 110

[0, 1, 1, 1, 0, 0, 0, 0, 1, 1], 170

[0, 1, 0, 1, 1, 1, 1, 1, 1, 0], 147

[1, 0, 1, 1, 0, 0, 1, 0, 1, 0], 194

[1, 0, 1, 0, 1, 0, 1, 1, 1, 1], 256

[1, 0, 1, 1, 0, 1, 0, 0, 0, 0], 162

[0, 0, 1, 1, 1, 1, 1, 1, 0, 0], 191

[1, 1, 1, 0, 0, 1, 1, 1, 1, 0], 234

[1, 1, 0, 0, 1, 0, 1, 0, 0, 1], 165

[1, 1, 0, 1, 1, 0, 1, 0, 1, 0], 165

[0, 1, 1, 0, 0, 1, 0, 1, 1, 0], 157

[0, 0, 0, 0, 0, 0, 0, 0, 1, 1], 50

[0, 1, 0, 0, 0, 0, 0, 0, 0, 1], 53

[0, 0, 1, 0, 1, 0, 1, 1, 0, 1], 191

[0, 0, 1, 0, 1, 0, 1, 1, 0, 0], 161

[0, 0, 1, 0, 0, 0, 1, 0, 1, 1], 169

[0, 1, 1, 0, 1, 0, 1, 1, 0, 0], 184

[1, 0, 0, 1, 1, 1, 1, 0, 0, 0], 142

[0, 0, 0, 0, 0, 0, 0, 0, 0, 0], 0

[0, 1, 0, 1, 1, 1, 0, 1, 0, 0], 95

[1, 0, 0, 1, 0, 1, 0, 1, 0, 0], 82

[1, 0, 1, 1, 1, 1, 0, 1, 1, 0], 224

[0, 1, 0, 1, 1, 0, 1, 1, 0, 0], 107

[1, 0, 0, 1, 1, 1, 0, 1, 0, 0], 117

[1, 0, 1, 0, 0, 0, 0, 0, 1, 1], 182

[1, 0, 0, 0, 1, 0, 1, 0, 0, 1], 142

[0, 0, 0, 0, 1, 1, 0, 0, 1, 0], 75

[0, 0, 1, 0, 1, 0, 0, 1, 1, 0], 149

[1, 0, 0, 1, 0, 1, 0, 0, 0, 1], 105

[1, 0, 1, 1, 1, 1, 1, 1, 1, 0], 256

[0, 0, 0, 0, 1, 0, 1, 0, 1, 1], 117

[1, 1, 0, 1, 0, 0, 1, 0, 0, 0], 110

[0, 0, 1, 0, 0, 1, 1, 1, 0, 1], 176

[0, 1, 1, 0, 0, 1, 1, 0, 1, 0], 182

[0, 0, 1, 1, 1, 1, 0, 0, 1, 1], 202

[0, 1, 0, 0, 1, 1, 0, 0, 0, 0], 78

[0, 0, 0, 0, 1, 1, 0, 0, 0, 1], 85

[0, 1, 0, 1, 1, 0, 1, 0, 0, 1], 130

[1, 0, 0, 1, 1, 1, 0, 0, 0, 1], 140

[1, 0, 1, 0, 0, 1, 1, 1, 0, 1], 221

[1, 1, 0, 0, 1, 1, 0, 1, 0, 1], 160

Timp de executie 0.0060267000000000515 


pentru Random Hill Climbing: 
[0, 0, 0, 0, 1, 1, 1, 1, 0, 1], 264

Timp de executie 0.0010973000000000788 


Iteratia 4 are rezultatele valide: 

pentru Cautare Aleatoare:

[1, 1, 1, 0, 0, 1, 1, 1, 1, 1], 264

[1, 1, 1, 0, 1, 0, 1, 0, 0, 1], 252

[1, 0, 1, 0, 1, 1, 1, 0, 0, 1], 249

[0, 0, 1, 1, 0, 0, 1, 0, 1, 0], 149

[0, 0, 0, 0, 1, 0, 0, 0, 0, 0], 35

[1, 1, 1, 1, 1, 0, 0, 1, 0, 1], 237

[0, 0, 1, 1, 0, 0, 0, 1, 1, 0], 124

[0, 1, 0, 1, 0, 0, 1, 1, 1, 1], 122

[1, 1, 0, 0, 1, 0, 1, 0, 0, 1], 165

[0, 1, 0, 1, 0, 0, 0, 0, 1, 0], 53

[0, 1, 0, 1, 0, 0, 0, 1, 1, 0], 60

[0, 0, 0, 1, 0, 0, 0, 1, 0, 1], 47

[0, 1, 0, 1, 1, 1, 0, 0, 1, 1], 138

[0, 0, 1, 1, 0, 1, 1, 1, 1, 1], 206

[0, 0, 0, 1, 1, 1, 0, 1, 0, 0], 72

[1, 1, 1, 0, 1, 0, 1, 0, 0, 1], 252

[1, 1, 1, 0, 0, 1, 0, 1, 1, 1], 232

[0, 1, 1, 1, 1, 1, 0, 0, 1, 1], 225

[0, 0, 0, 1, 1, 0, 1, 1, 0, 0], 84

[1, 0, 0, 0, 0, 1, 0, 0, 0, 0], 65

[0, 1, 1, 1, 1, 0, 0, 0, 0, 0], 155

[0, 0, 0, 1, 1, 0, 0, 0, 1, 0], 65

[0, 0, 1, 1, 0, 1, 0, 0, 0, 1], 147

[1, 0, 1, 1, 1, 1, 1, 0, 0, 1], 259

[1, 1, 0, 0, 0, 0, 0, 0, 1, 1], 118

[0, 0, 1, 0, 1, 0, 0, 0, 1, 0], 142

[0, 0, 0, 1, 1, 0, 0, 0, 1, 0], 65

[1, 1, 0, 0, 1, 1, 1, 0, 0, 0], 155

[0, 0, 1, 0, 0, 1, 0, 0, 1, 0], 127

[1, 0, 0, 1, 1, 1, 1, 0, 1, 1], 192

[0, 1, 1, 0, 1, 0, 0, 1, 0, 0], 152

[1, 1, 0, 0, 1, 1, 0, 1, 1, 0], 150

[0, 1, 1, 1, 0, 1, 0, 0, 1, 0], 160

[1, 1, 1, 1, 1, 0, 1, 0, 1, 1], 282

[0, 1, 0, 0, 1, 0, 0, 1, 1, 1], 115

[1, 0, 0, 1, 0, 0, 1, 1, 1, 0], 114

[0, 1, 1, 0, 1, 0, 1, 0, 1, 1], 227

[0, 1, 1, 0, 1, 1, 1, 0, 0, 0], 197

[1, 0, 1, 0, 1, 0, 1, 0, 0, 0], 199

[1, 1, 1, 0, 0, 0, 1, 0, 0, 1], 217

[1, 1, 0, 0, 0, 1, 0, 1, 0, 1], 125

[1, 1, 1, 0, 1, 1, 0, 0, 0, 1], 240

[1, 1, 0, 1, 0, 0, 0, 0, 1, 1], 128

[0, 1, 0, 0, 1, 0, 0, 1, 1, 1], 115

[0, 0, 1, 0, 0, 1, 0, 0, 1, 0], 127

[1, 0, 1, 0, 0, 1, 0, 1, 0, 0], 159

[0, 1, 0, 1, 0, 1, 0, 1, 0, 1], 90

[1, 0, 1, 1, 1, 1, 0, 1, 0, 1], 234

[1, 0, 1, 1, 1, 1, 0, 1, 0, 1], 234

[1, 0, 0, 1, 1, 0, 0, 1, 0, 0], 97

[1, 0, 0, 1, 0, 1, 1, 1, 1, 0], 134

[1, 1, 0, 0, 0, 0, 1, 1, 1, 1], 157

[1, 1, 0, 0, 0, 1, 1, 1, 1, 0], 147

[1, 1, 1, 1, 1, 1, 0, 0, 1, 1], 270

[1, 0, 0, 1, 0, 1, 0, 0, 1, 1], 125

[1, 0, 0, 1, 1, 0, 0, 1, 1, 1], 147

[0, 1, 1, 1, 0, 0, 0, 1, 1, 0], 147

[0, 1, 0, 0, 1, 1, 0, 0, 1, 0], 98

[1, 0, 1, 1, 0, 0, 1, 1, 1, 1], 231

[1, 0, 1, 0, 0, 0, 1, 1, 1, 0], 191

[1, 0, 1, 0, 0, 0, 1, 1, 0, 1], 201

[1, 1, 1, 0, 0, 1, 1, 0, 1, 0], 227

[1, 1, 1, 1, 1, 1, 1, 1, 1, 1], 309

[1, 0, 0, 1, 0, 0, 0, 0, 0, 0], 55

[0, 0, 0, 1, 0, 0, 0, 0, 1, 1], 60

[1, 0, 1, 0, 1, 1, 1, 1, 0, 0], 226

[0, 1, 0, 1, 1, 0, 0, 0, 1, 0], 88

[1, 1, 0, 1, 1, 0, 0, 1, 1, 1], 170

[0, 1, 1, 1, 1, 1, 1, 1, 1, 0], 234

[0, 1, 1, 0, 0, 0, 0, 0, 1, 1], 160

[0, 0, 1, 0, 0, 0, 0, 1, 0, 0], 94

[0, 1, 1, 0, 1, 0, 1, 1, 1, 1], 234

[0, 0, 0, 1, 1, 0, 0, 1, 1, 0], 72

[1, 0, 0, 1, 1, 1, 1, 0, 0, 0], 142

[1, 0, 1, 1, 1, 0, 0, 0, 1, 0], 197

[1, 1, 0, 0, 0, 0, 1, 0, 1, 1], 150

[0, 0, 0, 1, 1, 0, 1, 0, 1, 0], 97

[0, 0, 1, 0, 0, 1, 1, 0, 1, 1], 189

[1, 1, 1, 1, 0, 1, 1, 1, 1, 0], 244

[1, 1, 0, 1, 1, 1, 1, 1, 0, 0], 172

[1, 1, 0, 1, 0, 1, 0, 0, 1, 1], 148

[0, 0, 1, 1, 0, 0, 0, 0, 1, 0], 117

[1, 1, 1, 0, 1, 0, 0, 1, 0, 1], 227

[1, 0, 1, 0, 1, 0, 1, 1, 0, 0], 206

[0, 1, 0, 1, 0, 0, 0, 1, 1, 0], 60

[1, 1, 1, 0, 0, 0, 1, 0, 0, 0], 187

[0, 1, 0, 0, 0, 0, 0, 0, 1, 0], 43

[1, 1, 0, 1, 0, 1, 0, 0, 1, 1], 148

[0, 1, 1, 1, 0, 0, 0, 1, 0, 1], 157

[1, 1, 0, 1, 1, 1, 0, 0, 1, 1], 183

[0, 1, 1, 0, 1, 1, 1, 0, 1, 1], 247

[0, 0, 1, 1, 1, 0, 0, 0, 0, 1], 162

[1, 1, 0, 1, 0, 0, 0, 0, 0, 1], 108

[1, 0, 0, 0, 0, 0, 1, 1, 0, 0], 84

[1, 1, 0, 0, 0, 1, 1, 0, 1, 1], 170

[0, 1, 1, 0, 0, 1, 1, 1, 0, 0], 169

[0, 1, 0, 0, 0, 1, 0, 0, 1, 0], 63

[0, 0, 1, 1, 0, 0, 0, 0, 1, 1], 147

[0, 1, 0, 1, 1, 1, 0, 1, 0, 0], 95

[1, 0, 0, 0, 0, 1, 0, 1, 0, 0], 72

Timp de executie 0.005925299999999911 


pentru Random Hill Climbing: 
[1, 1, 1, 0, 0, 0, 1, 0, 1, 0], 256

Timp de executie 0.0013670999999999545 


Iteratia 5 are rezultatele valide: 

pentru Cautare Aleatoare:

[0, 0, 1, 1, 0, 0, 0, 0, 0, 0], 97

[0, 1, 1, 0, 1, 1, 1, 0, 0, 0], 197

[1, 0, 0, 1, 1, 1, 0, 1, 1, 1], 167

[1, 0, 0, 0, 0, 1, 0, 1, 1, 0], 92

[0, 1, 0, 0, 0, 1, 0, 1, 0, 0], 50

[0, 0, 1, 0, 0, 0, 0, 1, 1, 1], 144

[1, 0, 1, 1, 1, 0, 0, 1, 1, 0], 204

[0, 0, 1, 0, 1, 1, 0, 0, 0, 1], 172

[0, 0, 0, 1, 0, 1, 1, 1, 0, 0], 69

[0, 0, 0, 1, 0, 0, 1, 0, 1, 0], 62

[1, 0, 1, 1, 0, 0, 1, 0, 0, 0], 174

[0, 0, 0, 1, 0, 1, 0, 0, 0, 1], 60

[0, 0, 0, 1, 0, 1, 1, 1, 1, 0], 89

[1, 1, 0, 1, 1, 1, 1, 0, 1, 1], 215

[1, 1, 1, 1, 0, 0, 0, 1, 1, 0], 192

[1, 0, 0, 0, 0, 1, 0, 1, 0, 0], 72

[0, 0, 0, 1, 1, 0, 0, 1, 0, 0], 52

[0, 1, 1, 0, 1, 1, 1, 0, 1, 1], 247

[1, 1, 0, 0, 1, 0, 0, 0, 0, 1], 133

[0, 1, 0, 0, 0, 0, 0, 0, 0, 0], 23

[1, 0, 1, 1, 1, 0, 0, 1, 0, 1], 214

[1, 1, 1, 0, 0, 0, 0, 1, 0, 0], 162

[1, 1, 1, 0, 0, 0, 1, 1, 0, 0], 194

[0, 1, 0, 0, 1, 0, 1, 1, 1, 0], 117

[0, 0, 0, 1, 1, 0, 1, 1, 1, 1], 134

[1, 0, 0, 0, 1, 0, 1, 0, 0, 0], 112

[0, 0, 1, 1, 0, 1, 1, 0, 1, 0], 169

[0, 1, 0, 0, 0, 0, 0, 1, 1, 1], 80

[0, 0, 0, 1, 0, 0, 1, 1, 1, 0], 69

[1, 0, 1, 0, 1, 0, 0, 1, 0, 0], 174

[1, 0, 0, 1, 0, 0, 1, 0, 1, 0], 107

[0, 1, 1, 1, 1, 1, 1, 0, 1, 1], 257

[0, 0, 0, 1, 1, 0, 1, 1, 1, 0], 104

[0, 0, 1, 0, 1, 0, 0, 0, 0, 1], 152

[0, 1, 0, 0, 0, 0, 0, 1, 0, 0], 30

[1, 1, 0, 0, 0, 0, 1, 0, 0, 1], 130

[0, 1, 0, 1, 1, 0, 0, 1, 1, 1], 125

[0, 0, 0, 0, 0, 0, 0, 1, 0, 0], 7

[0, 1, 1, 1, 1, 1, 0, 1, 1, 1], 232

[0, 0, 1, 0, 0, 0, 1, 1, 1, 0], 146

[1, 1, 0, 1, 0, 1, 1, 0, 0, 0], 130

[0, 0, 0, 1, 0, 1, 0, 0, 1, 0], 50

[0, 1, 0, 0, 0, 1, 1, 0, 1, 0], 95

[0, 0, 1, 1, 0, 1, 0, 0, 0, 1], 147

[1, 1, 0, 1, 1, 0, 0, 1, 1, 1], 170

[1, 0, 1, 0, 1, 0, 0, 1, 1, 1], 224

[0, 0, 0, 0, 1, 1, 0, 0, 1, 0], 75

[1, 1, 1, 1, 1, 1, 0, 0, 1, 0], 240

[1, 1, 1, 0, 0, 1, 1, 0, 0, 1], 237

[0, 1, 1, 1, 0, 0, 0, 1, 1, 1], 177

[0, 1, 1, 0, 1, 1, 0, 0, 0, 1], 195

[1, 1, 0, 0, 0, 0, 0, 0, 0, 1], 98

[0, 1, 0, 1, 1, 0, 1, 1, 0, 1], 137

[0, 0, 0, 0, 0, 1, 1, 0, 0, 0], 52

[1, 0, 0, 1, 0, 1, 0, 0, 0, 1], 105

[0, 0, 0, 0, 1, 0, 0, 1, 1, 0], 62

[1, 0, 1, 0, 0, 1, 1, 0, 1, 0], 204

[0, 1, 0, 1, 0, 1, 1, 1, 0, 0], 92

[0, 1, 1, 0, 1, 1, 1, 1, 1, 1], 254

[0, 0, 1, 0, 0, 1, 0, 1, 0, 0], 114

[1, 0, 0, 1, 0, 0, 1, 1, 0, 1], 124

[0, 1, 0, 0, 1, 1, 1, 0, 1, 1], 160

[0, 1, 0, 0, 1, 0, 0, 1, 0, 1], 95

[0, 1, 1, 1, 0, 0, 1, 0, 0, 0], 152

[1, 0, 1, 1, 0, 1, 0, 1, 0, 0], 169

[1, 0, 1, 1, 1, 0, 1, 1, 0, 1], 246

[0, 0, 0, 0, 1, 1, 0, 1, 0, 1], 92

[0, 1, 1, 1, 1, 0, 0, 1, 1, 1], 212

[1, 0, 0, 1, 1, 0, 0, 1, 0, 1], 127

[0, 1, 1, 0, 0, 1, 0, 1, 0, 1], 167

[1, 0, 0, 1, 1, 1, 1, 0, 1, 1], 192

[0, 1, 0, 0, 1, 0, 1, 0, 0, 1], 120

[0, 1, 1, 0, 0, 1, 0, 0, 1, 1], 180

[0, 0, 0, 1, 0, 0, 1, 1, 0, 1], 79

[0, 0, 1, 1, 0, 0, 0, 0, 1, 0], 117

[0, 1, 1, 1, 0, 0, 0, 0, 1, 1], 170

[0, 0, 0, 0, 1, 0, 0, 1, 0, 0], 42

[0, 1, 1, 0, 1, 1, 1, 0, 0, 1], 227

[1, 0, 0, 0, 0, 1, 1, 0, 1, 1], 147

[0, 0, 1, 0, 1, 1, 1, 1, 1, 1], 231

[0, 0, 0, 1, 0, 1, 0, 1, 0, 1], 67

[1, 1, 0, 0, 0, 0, 1, 1, 1, 0], 127

[1, 0, 0, 1, 0, 1, 0, 1, 0, 0], 82

[0, 0, 1, 1, 1, 0, 1, 0, 1, 1], 214

[0, 0, 1, 1, 0, 0, 1, 0, 0, 1], 159

[1, 0, 0, 1, 1, 1, 0, 0, 0, 1], 140

[0, 0, 1, 0, 1, 1, 1, 0, 1, 1], 224

[0, 1, 1, 1, 0, 1, 1, 1, 0, 0], 179

[0, 0, 0, 1, 0, 1, 0, 0, 1, 0], 50

[1, 1, 0, 0, 0, 1, 0, 0, 0, 1], 118

[1, 0, 1, 0, 0, 1, 1, 1, 1, 1], 241

[1, 1, 0, 1, 0, 1, 0, 1, 0, 0], 105

[0, 1, 0, 1, 0, 1, 0, 1, 1, 1], 110

[1, 0, 1, 1, 0, 1, 1, 1, 1, 1], 251

[0, 0, 1, 0, 0, 1, 0, 1, 0, 1], 144

[0, 1, 0, 1, 1, 0, 1, 1, 0, 1], 137

[1, 0, 1, 1, 0, 1, 0, 1, 0, 0], 169

[0, 0, 0, 1, 1, 0, 1, 1, 0, 1], 114

[1, 1, 0, 0, 0, 1, 1, 1, 1, 1], 177

[1, 0, 0, 1, 0, 0, 0, 0, 1, 1], 105

Timp de executie 0.005841299999999716 


pentru Random Hill Climbing: 
[1, 0, 0, 0, 0, 1, 1, 0, 1, 0], 262

Timp de executie 0.0010476999999999848 


Iteratia 6 are rezultatele valide: 

pentru Cautare Aleatoare:

[0, 1, 0, 0, 1, 0, 1, 1, 0, 0], 97

[0, 1, 1, 0, 0, 1, 0, 0, 1, 1], 180

[1, 0, 0, 1, 0, 0, 0, 1, 0, 1], 92

[0, 0, 1, 0, 0, 1, 0, 1, 0, 1], 144

[0, 0, 0, 1, 1, 1, 0, 1, 1, 1], 122

[0, 1, 0, 0, 0, 1, 1, 0, 1, 1], 125

[0, 0, 1, 0, 0, 1, 1, 1, 1, 0], 166

[1, 0, 0, 1, 0, 0, 0, 1, 1, 1], 112

[0, 1, 1, 1, 1, 1, 1, 0, 0, 1], 237

[0, 0, 1, 0, 0, 0, 1, 0, 0, 0], 119

[0, 0, 0, 0, 1, 0, 1, 1, 0, 0], 74

[1, 0, 1, 1, 1, 0, 1, 0, 0, 0], 209

[0, 1, 1, 0, 0, 0, 1, 0, 1, 1], 192

[1, 0, 1, 1, 1, 1, 1, 1, 1, 0], 256

[0, 1, 1, 1, 1, 1, 1, 0, 1, 1], 257

[1, 1, 0, 0, 0, 1, 1, 1, 0, 0], 127

[0, 1, 0, 1, 1, 0, 0, 1, 0, 0], 75

[1, 0, 1, 0, 1, 0, 1, 0, 1, 0], 219

[0, 1, 1, 0, 0, 0, 1, 1, 0, 0], 149

[0, 1, 0, 0, 0, 0, 0, 1, 0, 1], 60

[0, 0, 1, 1, 1, 1, 1, 1, 0, 1], 221

[1, 0, 1, 1, 0, 1, 1, 0, 0, 1], 224

[1, 1, 0, 0, 0, 1, 0, 1, 1, 0], 115

[1, 1, 0, 0, 1, 1, 1, 0, 0, 0], 155

[1, 1, 0, 0, 1, 0, 0, 1, 1, 0], 130

[1, 0, 1, 1, 1, 1, 0, 1, 0, 1], 234

[1, 1, 0, 0, 1, 1, 0, 1, 0, 0], 130

[1, 1, 0, 1, 1, 0, 0, 0, 1, 0], 133

[1, 0, 0, 0, 0, 1, 0, 0, 1, 1], 115

[1, 1, 1, 0, 1, 1, 1, 1, 1, 0], 269

[0, 0, 1, 0, 0, 1, 1, 1, 1, 0], 166

[1, 0, 1, 1, 1, 0, 0, 1, 0, 1], 214

[0, 0, 0, 0, 1, 1, 1, 0, 0, 1], 117

[0, 0, 0, 1, 0, 0, 0, 1, 1, 1], 67

[1, 1, 1, 1, 0, 0, 0, 0, 1, 1], 215

[1, 0, 1, 1, 1, 1, 1, 0, 0, 0], 229

[0, 0, 1, 1, 0, 0, 1, 1, 1, 1], 186

[0, 1, 1, 0, 1, 0, 0, 1, 1, 1], 202

[0, 1, 0, 1, 0, 1, 1, 1, 0, 0], 92

[0, 0, 1, 0, 1, 1, 0, 1, 0, 0], 149

[1, 1, 1, 0, 1, 1, 1, 0, 0, 0], 242

[0, 0, 1, 1, 1, 1, 0, 1, 0, 0], 159

[1, 0, 0, 0, 1, 0, 0, 0, 1, 1], 130

[1, 0, 0, 1, 0, 1, 0, 1, 0, 1], 112

[1, 1, 1, 0, 0, 0, 1, 1, 0, 1], 224

[1, 1, 1, 1, 0, 0, 0, 0, 0, 1], 195

[0, 0, 0, 0, 0, 1, 1, 0, 1, 0], 72

[0, 0, 1, 0, 1, 1, 1, 0, 1, 1], 224

[1, 0, 1, 0, 1, 1, 1, 0, 0, 0], 219

[0, 0, 0, 1, 0, 0, 0, 0, 1, 1], 60

[0, 0, 0, 0, 1, 1, 0, 1, 1, 0], 82

[1, 1, 0, 1, 0, 0, 0, 1, 0, 0], 85

[0, 0, 0, 0, 1, 1, 0, 1, 1, 1], 112

[1, 1, 1, 1, 0, 1, 1, 1, 1, 0], 244

[1, 0, 0, 1, 1, 0, 1, 0, 0, 1], 152

[0, 0, 0, 0, 1, 1, 0, 0, 1, 0], 75

[0, 1, 1, 1, 0, 0, 0, 1, 0, 1], 157

[1, 1, 1, 0, 0, 0, 0, 0, 1, 1], 205

[0, 1, 0, 1, 1, 1, 0, 0, 1, 0], 108

[0, 0, 0, 1, 1, 1, 0, 1, 0, 0], 72

[0, 1, 1, 1, 1, 0, 1, 0, 1, 0], 207

[1, 0, 0, 0, 0, 0, 0, 1, 0, 0], 52

[1, 0, 1, 0, 1, 1, 0, 0, 1, 1], 237

[1, 0, 0, 1, 1, 1, 0, 0, 1, 1], 160

[0, 1, 1, 1, 1, 1, 0, 0, 1, 0], 195

[0, 0, 1, 1, 1, 0, 1, 0, 1, 0], 184

[0, 1, 0, 1, 1, 1, 0, 1, 0, 0], 95

[1, 0, 0, 1, 1, 0, 0, 1, 1, 1], 147

[0, 1, 0, 1, 0, 0, 0, 1, 1, 0], 60

[1, 0, 0, 0, 1, 0, 0, 1, 1, 1], 137

[1, 1, 0, 1, 1, 0, 1, 0, 0, 1], 175

[1, 1, 0, 1, 0, 0, 0, 1, 1, 1], 135

[1, 1, 1, 0, 1, 0, 0, 1, 1, 1], 247

[1, 1, 0, 1, 0, 0, 0, 0, 1, 1], 128

[1, 0, 0, 1, 1, 0, 0, 0, 0, 0], 90

[0, 0, 1, 0, 1, 0, 0, 1, 1, 0], 149

[1, 1, 1, 1, 1, 1, 1, 1, 0, 0], 259

[0, 1, 0, 1, 1, 0, 1, 1, 1, 1], 157

[1, 1, 1, 1, 1, 0, 1, 1, 1, 1], 289

[0, 0, 0, 1, 1, 1, 1, 0, 1, 0], 117

[0, 1, 0, 1, 0, 1, 0, 0, 0, 1], 83

[1, 0, 0, 0, 1, 1, 0, 0, 1, 0], 120

[0, 0, 0, 1, 0, 1, 1, 0, 0, 0], 62

[0, 1, 0, 1, 0, 1, 1, 0, 1, 1], 135

[1, 0, 1, 0, 1, 1, 1, 0, 0, 1], 249

[0, 0, 0, 0, 0, 1, 0, 1, 0, 1], 57

[1, 1, 1, 0, 0, 0, 0, 0, 0, 1], 185

[1, 1, 0, 1, 1, 1, 1, 1, 1, 0], 192

[1, 1, 0, 1, 1, 0, 1, 1, 0, 0], 152

[0, 1, 1, 1, 1, 1, 0, 0, 0, 0], 175

[1, 0, 1, 1, 1, 1, 0, 1, 1, 0], 224

[1, 0, 1, 0, 1, 0, 1, 0, 0, 1], 229

[1, 0, 0, 1, 0, 1, 0, 1, 1, 1], 132

[0, 1, 0, 0, 0, 1, 0, 0, 0, 1], 73

[0, 0, 0, 1, 0, 1, 0, 1, 1, 0], 57

[0, 1, 0, 1, 1, 1, 1, 0, 0, 1], 150

[1, 0, 0, 1, 0, 1, 0, 0, 1, 0], 95

[0, 0, 1, 1, 1, 0, 0, 0, 0, 0], 132

[1, 1, 1, 0, 0, 0, 1, 1, 1, 1], 244

[1, 0, 1, 1, 0, 0, 0, 1, 0, 0], 149

Timp de executie 0.006017299999999892 


pentru Random Hill Climbing: 
[0, 0, 1, 0, 0, 0, 1, 0, 0, 0], 292

Timp de executie 0.001280599999999854 


Iteratia 7 are rezultatele valide: 

pentru Cautare Aleatoare:

[1, 1, 0, 1, 0, 0, 1, 1, 0, 1], 147

[0, 0, 1, 0, 0, 0, 1, 1, 0, 0], 126

[0, 0, 1, 1, 1, 0, 1, 1, 0, 1], 201

[1, 0, 1, 0, 1, 0, 1, 1, 0, 0], 206

[1, 1, 1, 1, 1, 0, 0, 0, 0, 1], 230

[0, 0, 1, 0, 1, 1, 0, 1, 1, 1], 199

[1, 0, 0, 0, 0, 1, 0, 0, 1, 1], 115

[0, 0, 1, 0, 0, 1, 1, 0, 1, 1], 189

[0, 0, 0, 0, 0, 1, 1, 0, 1, 1], 102

[0, 1, 0, 0, 0, 0, 0, 0, 0, 0], 23

[1, 0, 1, 0, 0, 1, 1, 1, 1, 0], 211

[1, 1, 0, 0, 1, 0, 1, 1, 1, 1], 192

[1, 1, 1, 1, 1, 1, 1, 1, 1, 0], 279

[0, 0, 1, 0, 0, 0, 1, 1, 0, 1], 156

[1, 0, 1, 1, 1, 0, 1, 1, 1, 1], 266

[1, 0, 1, 1, 1, 0, 1, 0, 0, 1], 239

[1, 0, 1, 0, 0, 1, 0, 0, 1, 1], 202

[0, 0, 0, 0, 1, 1, 0, 1, 1, 1], 112

[1, 1, 1, 1, 1, 0, 1, 1, 1, 1], 289

[0, 1, 0, 0, 0, 0, 0, 0, 0, 1], 53

[1, 1, 1, 0, 1, 1, 1, 1, 0, 1], 279

[1, 0, 1, 0, 1, 0, 1, 1, 1, 0], 226

[1, 0, 0, 1, 1, 0, 1, 1, 1, 1], 179

[0, 0, 1, 0, 1, 1, 1, 1, 1, 1], 231

[1, 0, 0, 1, 0, 0, 0, 0, 0, 1], 85

[1, 1, 1, 0, 1, 1, 1, 1, 0, 1], 279

[0, 0, 1, 1, 1, 0, 0, 1, 0, 1], 169

[1, 0, 0, 1, 1, 1, 0, 1, 1, 1], 167

[0, 0, 0, 1, 1, 0, 0, 1, 0, 1], 82

[0, 0, 0, 0, 0, 1, 0, 1, 1, 0], 47

[0, 1, 1, 0, 1, 0, 0, 1, 0, 1], 182

[1, 1, 0, 0, 1, 1, 1, 0, 0, 0], 155

[1, 0, 0, 1, 1, 0, 1, 0, 0, 1], 152

[1, 1, 1, 0, 1, 0, 0, 0, 1, 0], 210

[0, 1, 1, 1, 0, 0, 0, 0, 1, 0], 140

[0, 1, 1, 1, 1, 1, 1, 0, 0, 1], 237

[1, 1, 0, 0, 0, 0, 1, 1, 0, 1], 137

[0, 0, 1, 0, 1, 0, 1, 0, 0, 1], 184

[0, 0, 0, 0, 1, 1, 1, 1, 0, 0], 94

[1, 1, 1, 0, 0, 1, 1, 1, 1, 1], 264

[0, 1, 1, 1, 1, 0, 1, 0, 1, 1], 237

[0, 1, 1, 0, 1, 0, 0, 1, 0, 0], 152

[0, 1, 1, 1, 0, 0, 1, 1, 1, 1], 209

[0, 0, 1, 1, 0, 0, 1, 1, 1, 1], 186

[1, 1, 1, 0, 0, 1, 1, 1, 0, 0], 214

[1, 0, 1, 1, 1, 0, 0, 0, 1, 1], 227

[0, 0, 1, 1, 1, 1, 1, 0, 1, 1], 234

[1, 0, 0, 1, 1, 1, 0, 1, 1, 1], 167

[0, 0, 1, 1, 0, 0, 1, 1, 1, 1], 186

[1, 1, 0, 0, 1, 0, 0, 0, 1, 1], 153

[0, 0, 1, 0, 0, 1, 0, 0, 1, 0], 127

[1, 1, 0, 1, 1, 0, 0, 1, 1, 1], 170

[1, 0, 0, 1, 1, 1, 0, 0, 1, 1], 160

[1, 0, 1, 0, 1, 0, 0, 0, 1, 1], 217

[0, 0, 0, 0, 0, 0, 0, 0, 0, 0], 0

[1, 0, 0, 0, 1, 1, 1, 1, 0, 1], 169

[0, 1, 1, 0, 1, 0, 1, 0, 1, 1], 227

[1, 1, 0, 0, 1, 0, 1, 0, 0, 0], 135

[0, 1, 0, 1, 1, 0, 0, 0, 0, 0], 68

[1, 1, 0, 0, 0, 1, 0, 1, 1, 1], 145

[1, 0, 0, 0, 1, 1, 0, 1, 1, 1], 157

[0, 0, 1, 0, 1, 1, 1, 0, 1, 0], 194

[1, 0, 1, 0, 1, 1, 0, 1, 1, 0], 214

[0, 1, 1, 0, 0, 1, 1, 1, 1, 1], 219

[1, 0, 1, 1, 1, 1, 1, 0, 1, 0], 249

[0, 1, 0, 0, 0, 0, 1, 1, 0, 1], 92

[1, 1, 1, 1, 1, 1, 0, 1, 0, 0], 227

[0, 1, 1, 0, 1, 1, 0, 1, 1, 0], 192

[0, 1, 1, 0, 1, 1, 0, 0, 1, 0], 185

[0, 0, 0, 0, 1, 0, 1, 0, 1, 0], 87

[0, 0, 1, 0, 1, 1, 0, 1, 1, 1], 199

[0, 0, 1, 1, 0, 0, 0, 0, 1, 0], 117

[0, 1, 1, 0, 0, 0, 0, 0, 1, 1], 160

[0, 1, 1, 1, 0, 1, 0, 1, 1, 0], 167

[0, 1, 0, 0, 1, 1, 0, 0, 1, 0], 98

[1, 0, 0, 1, 0, 0, 0, 0, 0, 1], 85

[1, 0, 0, 1, 0, 0, 1, 1, 0, 1], 124

[1, 1, 1, 1, 0, 0, 1, 0, 1, 0], 217

[1, 0, 0, 1, 1, 0, 1, 1, 0, 0], 129

[1, 1, 0, 1, 0, 0, 1, 1, 0, 0], 117

[0, 1, 1, 1, 1, 1, 0, 1, 1, 1], 232

[0, 1, 1, 0, 0, 0, 1, 0, 1, 0], 162

[0, 0, 0, 1, 0, 0, 0, 0, 1, 0], 30

[1, 0, 1, 0, 1, 1, 1, 1, 1, 1], 276

[0, 1, 1, 0, 0, 0, 1, 0, 1, 0], 162

[0, 1, 1, 0, 1, 0, 0, 0, 0, 0], 145

[0, 1, 1, 0, 1, 0, 1, 1, 0, 0], 184

[1, 1, 0, 0, 1, 0, 0, 1, 0, 1], 140

[1, 0, 1, 0, 1, 0, 0, 0, 0, 1], 197

[1, 0, 1, 1, 0, 0, 0, 1, 1, 0], 169

[0, 1, 1, 0, 1, 0, 0, 0, 0, 1], 175

[0, 1, 1, 0, 0, 0, 1, 1, 0, 0], 149

[1, 1, 1, 0, 1, 1, 0, 1, 1, 0], 237

[0, 1, 1, 0, 1, 0, 0, 0, 1, 1], 195

[0, 0, 1, 1, 0, 0, 1, 0, 0, 1], 159

[1, 1, 0, 0, 0, 0, 0, 1, 1, 0], 95

[1, 0, 1, 0, 0, 0, 1, 0, 0, 1], 194

[1, 0, 1, 1, 0, 0, 1, 0, 1, 1], 224

[0, 1, 0, 1, 0, 1, 0, 1, 0, 0], 60

[0, 0, 1, 0, 1, 1, 1, 1, 1, 1], 231

Timp de executie 0.004903700000000288 


pentru Random Hill Climbing: 
[1, 0, 0, 0, 0, 1, 0, 0, 1, 1], 289

Timp de executie 0.0005790000000001072 


Iteratia 8 are rezultatele valide: 

pentru Cautare Aleatoare:

[1, 0, 1, 0, 1, 1, 0, 1, 0, 0], 194

[1, 0, 1, 1, 1, 1, 0, 1, 0, 0], 204

[0, 0, 0, 1, 1, 1, 0, 0, 1, 1], 115

[1, 0, 0, 0, 1, 1, 0, 1, 1, 0], 127

[1, 0, 0, 1, 0, 1, 0, 0, 0, 0], 75

[1, 1, 0, 0, 0, 0, 1, 1, 0, 0], 107

[1, 1, 0, 0, 0, 1, 0, 0, 0, 0], 88

[0, 0, 0, 0, 0, 0, 0, 0, 0, 1], 30

[0, 0, 1, 0, 1, 0, 0, 1, 1, 1], 179

[0, 0, 0, 1, 0, 1, 0, 0, 1, 0], 50

[1, 1, 1, 0, 1, 0, 1, 1, 1, 0], 249

[1, 0, 0, 0, 1, 0, 1, 1, 1, 1], 169

[0, 0, 0, 0, 0, 0, 1, 1, 1, 1], 89

[0, 0, 1, 0, 0, 1, 1, 1, 1, 0], 166

[1, 0, 0, 0, 1, 1, 0, 1, 0, 1], 137

[1, 0, 0, 1, 1, 1, 0, 0, 0, 1], 140

[1, 1, 0, 0, 0, 1, 1, 0, 1, 1], 170

[1, 0, 1, 1, 0, 1, 0, 1, 1, 1], 219

[0, 1, 1, 1, 1, 1, 1, 0, 1, 0], 227

[1, 0, 0, 1, 1, 0, 0, 1, 0, 1], 127

[1, 1, 1, 1, 0, 1, 1, 0, 1, 0], 237

[0, 1, 0, 0, 1, 1, 1, 1, 0, 1], 147

[0, 1, 1, 0, 1, 0, 1, 1, 1, 1], 234

[1, 0, 1, 1, 1, 1, 0, 1, 0, 1], 234

[0, 1, 0, 1, 0, 0, 0, 0, 0, 0], 33

[1, 0, 0, 0, 0, 0, 0, 0, 1, 0], 65

[0, 0, 0, 1, 1, 1, 0, 1, 1, 1], 122

[1, 0, 1, 1, 0, 1, 0, 1, 0, 1], 199

[1, 1, 1, 0, 0, 1, 0, 1, 1, 1], 232

[1, 1, 1, 0, 1, 1, 1, 0, 0, 1], 272

[1, 0, 1, 1, 0, 0, 1, 0, 0, 0], 174

[1, 1, 0, 1, 0, 0, 1, 1, 0, 0], 117

[0, 1, 1, 0, 0, 0, 0, 0, 0, 1], 140

[1, 0, 1, 0, 1, 0, 0, 1, 0, 1], 204

[0, 0, 0, 0, 0, 0, 1, 1, 1, 1], 89

[0, 0, 1, 0, 0, 1, 0, 0, 1, 0], 127

[0, 1, 0, 1, 1, 1, 0, 1, 1, 0], 115

[1, 1, 1, 0, 1, 1, 1, 0, 1, 0], 262

[0, 1, 1, 1, 0, 0, 0, 0, 1, 0], 140

[0, 1, 1, 1, 1, 1, 1, 0, 0, 1], 237

[0, 0, 0, 0, 0, 0, 0, 0, 1, 0], 20

[0, 0, 0, 0, 1, 0, 0, 0, 0, 1], 65

[0, 1, 1, 0, 0, 0, 1, 1, 0, 0], 149

[1, 0, 1, 0, 1, 0, 0, 0, 1, 1], 217

[1, 1, 1, 0, 1, 1, 1, 0, 1, 0], 262

[1, 0, 1, 1, 1, 1, 0, 1, 1, 1], 254

[0, 1, 1, 1, 1, 0, 1, 1, 1, 1], 244

[0, 0, 1, 0, 1, 1, 1, 1, 0, 0], 181

[1, 0, 1, 1, 0, 0, 1, 1, 0, 1], 211

[1, 0, 0, 1, 1, 1, 1, 1, 0, 0], 149

[1, 1, 1, 1, 1, 1, 1, 1, 1, 1], 309

[0, 1, 1, 1, 0, 0, 0, 0, 1, 1], 170

[0, 0, 0, 1, 1, 0, 1, 0, 0, 1], 107

[1, 1, 1, 0, 0, 1, 0, 1, 0, 1], 212

[0, 1, 1, 1, 1, 0, 1, 1, 1, 0], 214

[1, 0, 0, 0, 0, 0, 1, 0, 1, 1], 127

[1, 0, 0, 1, 0, 0, 1, 0, 1, 1], 137

[1, 0, 0, 1, 1, 1, 0, 1, 1, 0], 137

[0, 0, 1, 1, 0, 0, 0, 1, 1, 0], 124

[0, 0, 0, 1, 1, 0, 0, 1, 1, 0], 72

[0, 0, 1, 0, 1, 1, 1, 0, 0, 1], 204

[1, 1, 1, 0, 1, 1, 0, 1, 1, 0], 237

[1, 0, 0, 0, 0, 0, 0, 1, 1, 1], 102

[0, 1, 1, 0, 0, 0, 1, 0, 0, 1], 172

[1, 1, 0, 0, 0, 0, 0, 0, 1, 0], 88

[1, 0, 1, 1, 0, 1, 0, 1, 0, 1], 199

[1, 0, 1, 0, 1, 1, 0, 1, 0, 1], 224

[1, 0, 1, 1, 0, 1, 0, 0, 0, 0], 162

[1, 0, 1, 1, 0, 0, 0, 1, 0, 0], 149

[0, 1, 0, 0, 0, 0, 0, 0, 0, 0], 23

[1, 0, 0, 1, 0, 1, 1, 1, 0, 0], 114

[1, 1, 0, 1, 1, 1, 1, 0, 0, 0], 165

[1, 0, 1, 1, 0, 0, 1, 1, 1, 1], 231

[0, 0, 1, 1, 1, 1, 1, 0, 1, 0], 204

[1, 1, 0, 0, 1, 0, 0, 0, 1, 0], 123

[1, 1, 1, 1, 0, 1, 0, 0, 0, 0], 185

[0, 1, 1, 0, 0, 1, 0, 1, 1, 1], 187

[0, 1, 0, 0, 1, 1, 1, 1, 0, 1], 147

[0, 1, 0, 1, 0, 1, 0, 1, 0, 0], 60

[1, 1, 1, 1, 1, 1, 1, 0, 0, 0], 252

[1, 0, 1, 0, 1, 1, 0, 1, 0, 0], 194

[0, 1, 0, 1, 0, 1, 0, 1, 1, 0], 80

[1, 0, 0, 0, 0, 0, 1, 0, 0, 1], 107

[1, 0, 1, 0, 0, 1, 0, 1, 1, 0], 179

[0, 0, 0, 0, 1, 1, 0, 1, 0, 0], 62

[0, 0, 0, 1, 1, 1, 1, 0, 0, 1], 127

[1, 0, 1, 0, 1, 1, 0, 1, 0, 0], 194

[1, 0, 1, 1, 0, 1, 1, 0, 1, 0], 214

[0, 0, 1, 1, 0, 0, 0, 0, 0, 0], 97

[0, 1, 1, 0, 1, 0, 0, 0, 1, 0], 165

[1, 0, 0, 1, 1, 0, 1, 1, 0, 0], 129

[1, 0, 0, 0, 1, 1, 1, 1, 1, 1], 189

[1, 1, 1, 1, 0, 1, 1, 1, 1, 1], 274

[0, 1, 0, 1, 0, 0, 1, 0, 1, 0], 85

[0, 0, 1, 0, 1, 0, 1, 1, 0, 0], 161

[1, 0, 0, 0, 0, 1, 1, 1, 0, 1], 134

[1, 0, 0, 1, 0, 1, 1, 1, 1, 0], 134

[1, 0, 0, 1, 1, 1, 1, 0, 0, 1], 172

[0, 0, 0, 0, 1, 0, 1, 0, 1, 1], 117

[0, 1, 0, 0, 1, 1, 1, 1, 1, 0], 137

Timp de executie 0.0030597000000001096 


pentru Random Hill Climbing: 
[1, 1, 1, 0, 0, 1, 0, 0, 1, 1], 262

Timp de executie 0.0007473999999998426 


Iteratia 9 are rezultatele valide: 

pentru Cautare Aleatoare:

[1, 1, 1, 0, 1, 1, 1, 0, 1, 1], 292

[1, 1, 0, 0, 0, 1, 0, 0, 1, 0], 108

[0, 0, 1, 1, 1, 1, 1, 1, 1, 0], 211

[1, 1, 1, 1, 0, 0, 1, 0, 1, 0], 217

[0, 0, 1, 0, 0, 1, 0, 1, 0, 0], 114

[0, 0, 1, 1, 0, 1, 0, 1, 1, 1], 174

[0, 0, 1, 0, 1, 0, 0, 1, 1, 0], 149

[1, 1, 1, 0, 1, 0, 1, 0, 0, 1], 252

[0, 1, 0, 0, 1, 0, 0, 1, 0, 0], 65

[1, 1, 0, 0, 1, 1, 0, 0, 0, 0], 123

[0, 0, 0, 0, 0, 1, 1, 0, 0, 0], 52

[0, 1, 1, 1, 0, 1, 1, 0, 1, 1], 222

[1, 1, 1, 0, 1, 0, 0, 0, 0, 0], 190

[1, 0, 0, 0, 0, 1, 0, 1, 1, 1], 122

[1, 1, 1, 0, 1, 1, 0, 0, 0, 1], 240

[1, 1, 1, 1, 1, 0, 1, 0, 0, 0], 232

[1, 1, 1, 0, 0, 1, 1, 0, 1, 0], 227

[1, 1, 1, 1, 1, 1, 0, 1, 0, 0], 227

[1, 0, 0, 1, 0, 1, 1, 1, 0, 0], 114

[1, 1, 0, 0, 0, 0, 1, 1, 0, 0], 107

[0, 1, 1, 0, 1, 0, 0, 0, 1, 1], 195

[1, 0, 1, 0, 0, 0, 0, 0, 1, 0], 152

[1, 1, 1, 0, 1, 0, 1, 0, 0, 0], 222

[0, 1, 0, 0, 0, 0, 1, 0, 0, 1], 85

[0, 1, 0, 1, 0, 1, 1, 0, 0, 0], 85

[1, 1, 0, 0, 1, 1, 1, 1, 0, 0], 162

[1, 0, 0, 1, 1, 0, 0, 1, 0, 0], 97

[1, 0, 0, 1, 1, 0, 0, 0, 0, 0], 90

[0, 1, 0, 1, 1, 0, 1, 1, 0, 0], 107

[1, 1, 1, 0, 0, 1, 1, 1, 0, 0], 214

[0, 0, 1, 1, 1, 0, 0, 0, 1, 1], 182

[1, 0, 0, 0, 1, 1, 1, 1, 0, 0], 139

[1, 0, 0, 1, 1, 0, 0, 0, 0, 0], 90

[0, 1, 1, 1, 0, 1, 1, 0, 1, 0], 192

[1, 1, 0, 1, 1, 1, 0, 0, 0, 1], 163

[1, 0, 0, 0, 1, 1, 0, 0, 0, 0], 100

[1, 1, 0, 0, 0, 0, 1, 1, 1, 1], 157

[1, 1, 0, 0, 0, 1, 1, 1, 1, 1], 177

[1, 0, 1, 1, 0, 0, 1, 0, 1, 0], 194

[1, 0, 0, 1, 0, 0, 1, 0, 1, 0], 107

[1, 0, 1, 0, 1, 0, 1, 0, 0, 1], 229

[0, 1, 0, 0, 1, 0, 0, 0, 0, 0], 58

[1, 0, 0, 1, 1, 0, 0, 1, 0, 1], 127

[1, 0, 1, 1, 1, 1, 1, 0, 1, 0], 249

[1, 1, 0, 0, 1, 0, 1, 0, 1, 1], 185

[1, 1, 0, 1, 1, 1, 0, 0, 1, 0], 153

[0, 1, 0, 0, 0, 1, 0, 1, 0, 1], 80

[0, 1, 0, 1, 1, 0, 1, 1, 0, 1], 137

[1, 1, 0, 0, 1, 1, 0, 1, 1, 0], 150

[1, 0, 1, 0, 0, 0, 1, 0, 0, 1], 194

[1, 1, 0, 1, 0, 0, 0, 1, 1, 1], 135

[0, 0, 1, 0, 0, 0, 1, 1, 0, 0], 126

[0, 0, 0, 0, 0, 1, 0, 1, 0, 0], 27

[0, 1, 0, 0, 0, 0, 0, 1, 0, 1], 60

[0, 0, 0, 1, 0, 0, 0, 0, 0, 0], 10

[1, 1, 0, 1, 1, 0, 0, 1, 0, 0], 120

[0, 0, 0, 0, 1, 1, 1, 1, 0, 0], 94

[1, 1, 0, 0, 0, 0, 0, 0, 0, 1], 98

[1, 0, 1, 1, 0, 0, 1, 0, 1, 1], 224

[1, 1, 0, 0, 0, 0, 1, 0, 1, 1], 150

[0, 1, 1, 0, 0, 1, 1, 0, 0, 1], 192

[0, 0, 1, 0, 1, 1, 0, 0, 0, 1], 172

[0, 1, 0, 1, 1, 0, 0, 1, 1, 0], 95

[1, 1, 1, 1, 1, 0, 0, 0, 0, 0], 200

[0, 1, 0, 1, 1, 0, 1, 0, 1, 1], 150

[1, 0, 0, 1, 0, 1, 0, 0, 0, 0], 75

[0, 0, 1, 0, 1, 0, 0, 1, 1, 0], 149

[1, 1, 0, 1, 1, 0, 1, 1, 0, 0], 152

[0, 0, 1, 0, 1, 1, 1, 1, 0, 0], 181

[0, 1, 1, 0, 1, 0, 0, 1, 1, 1], 202

[0, 0, 1, 0, 1, 1, 0, 1, 0, 0], 149

[0, 1, 0, 1, 1, 1, 0, 1, 0, 0], 95

[0, 1, 1, 0, 0, 1, 1, 1, 1, 0], 189

[1, 0, 0, 1, 1, 0, 0, 1, 0, 0], 97

[0, 1, 0, 1, 0, 0, 1, 1, 1, 0], 92

[0, 1, 1, 1, 0, 0, 1, 0, 1, 1], 202

[0, 0, 1, 0, 0, 1, 0, 1, 0, 1], 144

[1, 0, 0, 0, 1, 1, 0, 0, 0, 0], 100

[1, 1, 1, 0, 1, 0, 0, 1, 1, 1], 247

[1, 0, 1, 0, 1, 0, 1, 1, 0, 1], 236

[0, 0, 0, 1, 1, 0, 0, 1, 1, 1], 102

[1, 0, 1, 0, 1, 1, 1, 1, 1, 1], 276

[0, 1, 1, 0, 1, 0, 0, 0, 1, 1], 195

[0, 0, 1, 1, 0, 0, 1, 0, 1, 0], 149

[1, 0, 0, 1, 1, 1, 0, 0, 0, 0], 110

[0, 1, 1, 0, 0, 0, 1, 1, 0, 0], 149

[0, 0, 0, 0, 1, 1, 1, 1, 0, 0], 94

[1, 0, 0, 1, 0, 0, 1, 0, 1, 0], 107

[1, 1, 0, 0, 0, 0, 0, 1, 1, 0], 95

[1, 1, 0, 1, 0, 1, 0, 0, 0, 1], 128

[1, 1, 0, 0, 1, 0, 0, 0, 1, 0], 123

[1, 0, 0, 1, 1, 1, 1, 1, 1, 1], 199

[0, 0, 1, 0, 1, 0, 0, 0, 1, 0], 142

[0, 0, 0, 0, 0, 1, 1, 0, 0, 1], 82

[1, 0, 0, 0, 0, 0, 0, 0, 0, 1], 75

[0, 1, 1, 0, 1, 1, 0, 1, 0, 1], 202

[0, 1, 0, 1, 0, 0, 0, 1, 1, 0], 60

[0, 1, 1, 1, 1, 0, 0, 1, 0, 0], 162

[1, 1, 0, 0, 1, 1, 1, 1, 0, 0], 162

[1, 1, 0, 0, 1, 0, 0, 1, 1, 1], 160

Timp de executie 0.002908600000000039 


pentru Random Hill Climbing: 
[0, 1, 1, 1, 0, 1, 0, 1, 1, 0], 272

Timp de executie 0.0005836999999999648 


Iteratia 10 are rezultatele valide: 

pentru Cautare Aleatoare:

[1, 0, 0, 0, 0, 1, 1, 1, 0, 0], 104

[0, 0, 1, 1, 0, 1, 1, 0, 1, 1], 199

[1, 1, 0, 1, 1, 1, 0, 0, 1, 1], 183

[1, 1, 1, 0, 1, 0, 0, 1, 1, 0], 217

[1, 0, 1, 1, 0, 1, 1, 1, 0, 0], 201

[1, 1, 0, 1, 0, 0, 1, 0, 1, 0], 130

[1, 1, 0, 0, 1, 0, 0, 1, 0, 1], 140

[0, 1, 0, 1, 0, 0, 0, 1, 0, 1], 70

[1, 1, 0, 0, 1, 1, 0, 1, 1, 0], 150

[1, 0, 0, 0, 1, 0, 1, 0, 0, 0], 112

[0, 1, 1, 1, 0, 1, 0, 0, 0, 0], 140

[1, 0, 1, 0, 1, 1, 1, 0, 0, 0], 219

[1, 1, 0, 0, 1, 1, 0, 1, 0, 1], 160

[1, 1, 0, 1, 0, 0, 1, 1, 1, 0], 137

[1, 0, 1, 0, 0, 1, 1, 0, 0, 0], 184

[1, 0, 0, 0, 0, 1, 1, 1, 0, 1], 134

[1, 1, 1, 0, 0, 1, 1, 0, 0, 1], 237

[1, 0, 1, 0, 0, 0, 1, 1, 1, 1], 221

[1, 0, 1, 1, 0, 0, 1, 1, 0, 1], 211

[0, 1, 1, 0, 0, 1, 1, 1, 0, 1], 199

[1, 1, 0, 1, 0, 1, 1, 1, 0, 1], 167

[0, 0, 1, 0, 0, 1, 1, 0, 0, 0], 139

[0, 0, 1, 0, 0, 0, 0, 0, 1, 0], 107

[0, 0, 1, 0, 1, 0, 0, 1, 1, 1], 179

[1, 1, 0, 0, 0, 0, 1, 0, 0, 0], 100

[0, 0, 1, 1, 1, 0, 0, 1, 1, 0], 159

[1, 1, 0, 1, 0, 1, 0, 1, 1, 0], 125

[1, 0, 0, 1, 0, 1, 0, 1, 1, 0], 102

[1, 1, 1, 0, 1, 0, 0, 1, 1, 0], 217

[1, 1, 0, 0, 0, 0, 0, 0, 1, 1], 118

[0, 1, 0, 1, 0, 0, 0, 0, 0, 0], 33

[1, 1, 1, 0, 0, 1, 1, 0, 1, 1], 257

[0, 0, 1, 1, 0, 1, 0, 0, 1, 1], 167

[0, 1, 0, 1, 1, 0, 1, 1, 0, 1], 137

[1, 1, 0, 0, 0, 1, 0, 1, 1, 1], 145

[0, 0, 0, 1, 1, 1, 1, 0, 1, 1], 147

[1, 1, 0, 1, 1, 0, 0, 0, 0, 0], 113

[0, 0, 0, 0, 0, 1, 0, 0, 0, 1], 50

[1, 1, 0, 1, 1, 0, 1, 1, 1, 1], 202

[1, 1, 1, 0, 0, 1, 1, 0, 0, 1], 237

[1, 1, 1, 1, 0, 1, 0, 0, 1, 1], 235

[1, 0, 1, 0, 0, 0, 1, 0, 1, 1], 214

[1, 1, 0, 0, 1, 0, 1, 1, 0, 1], 172

[0, 1, 1, 0, 1, 1, 1, 0, 0, 0], 197

[1, 1, 1, 1, 0, 0, 0, 0, 1, 0], 185

[1, 0, 0, 1, 0, 0, 0, 0, 1, 1], 105

[1, 1, 0, 0, 1, 1, 1, 0, 0, 1], 185

[1, 1, 1, 1, 0, 0, 1, 0, 1, 0], 217

[1, 0, 1, 1, 1, 0, 1, 0, 0, 1], 239

[0, 0, 0, 0, 0, 1, 0, 0, 0, 1], 50

[1, 0, 1, 0, 1, 1, 1, 1, 1, 1], 276

[1, 1, 1, 1, 1, 0, 1, 1, 0, 0], 239

[1, 0, 0, 1, 0, 0, 1, 0, 1, 0], 107

[0, 1, 1, 1, 1, 1, 0, 1, 1, 0], 202

[0, 0, 1, 0, 1, 1, 0, 1, 0, 0], 149

[0, 1, 0, 1, 1, 0, 1, 0, 1, 1], 150

[1, 1, 1, 1, 1, 1, 1, 1, 0, 1], 289

[0, 1, 0, 0, 0, 0, 1, 1, 0, 0], 62

[1, 1, 0, 0, 0, 1, 0, 0, 0, 0], 88

[1, 0, 1, 1, 1, 0, 0, 0, 0, 1], 207

[1, 0, 0, 0, 0, 1, 0, 0, 1, 1], 115

[0, 0, 0, 0, 1, 1, 0, 1, 1, 0], 82

[1, 1, 1, 0, 0, 0, 0, 1, 1, 0], 182

[1, 1, 0, 1, 0, 1, 1, 1, 1, 1], 187

[0, 1, 1, 0, 1, 0, 0, 0, 1, 1], 195

[1, 0, 0, 0, 1, 0, 0, 1, 0, 0], 87

[0, 0, 0, 0, 0, 1, 0, 0, 1, 0], 40

[1, 0, 1, 1, 0, 0, 1, 1, 1, 0], 201

[1, 0, 0, 1, 1, 0, 1, 1, 1, 1], 179

[0, 1, 1, 1, 1, 1, 0, 0, 1, 1], 225

[1, 1, 0, 0, 0, 0, 0, 0, 1, 1], 118

[0, 1, 0, 0, 1, 0, 1, 1, 0, 0], 97

[0, 1, 0, 0, 1, 1, 1, 1, 1, 0], 137

[0, 0, 1, 0, 0, 0, 0, 1, 0, 0], 94

[0, 1, 0, 0, 1, 0, 0, 1, 0, 0], 65

[1, 1, 0, 1, 1, 0, 1, 0, 0, 1], 175

[1, 1, 0, 0, 1, 1, 1, 0, 0, 1], 185

[0, 0, 1, 1, 1, 0, 0, 1, 0, 0], 139

[0, 1, 1, 0, 0, 0, 0, 0, 0, 0], 110

[1, 1, 0, 1, 1, 1, 1, 1, 0, 1], 202

[0, 0, 1, 0, 0, 0, 1, 0, 0, 1], 149

[1, 0, 1, 0, 0, 0, 1, 0, 1, 0], 184

[1, 0, 0, 1, 1, 0, 0, 0, 0, 1], 120

[0, 1, 0, 0, 0, 1, 0, 0, 1, 0], 63

[1, 0, 0, 0, 0, 0, 1, 0, 1, 1], 127

[0, 0, 0, 0, 0, 0, 0, 0, 1, 1], 50

[1, 0, 1, 0, 0, 1, 1, 0, 1, 1], 234

[0, 1, 1, 0, 1, 0, 0, 1, 0, 0], 152

[1, 1, 1, 1, 0, 1, 0, 1, 0, 0], 192

[0, 1, 1, 0, 0, 1, 0, 0, 0, 0], 130

[1, 0, 0, 1, 0, 0, 0, 1, 0, 1], 92

[1, 0, 0, 1, 1, 1, 1, 0, 1, 0], 162

[0, 1, 0, 1, 0, 0, 1, 1, 0, 0], 72

[0, 1, 0, 1, 1, 0, 0, 1, 1, 1], 125

[1, 0, 0, 0, 0, 0, 0, 0, 0, 0], 45

[1, 0, 1, 1, 0, 0, 1, 0, 1, 1], 224

[1, 0, 1, 0, 1, 0, 1, 1, 0, 1], 236

[1, 1, 1, 1, 1, 0, 0, 0, 1, 0], 220

[1, 0, 1, 0, 1, 0, 1, 0, 0, 1], 229

[0, 1, 1, 0, 0, 0, 0, 0, 1, 1], 160

Timp de executie 0.005193400000000015 


pentru Random Hill Climbing: 
[0, 1, 0, 0, 0, 1, 0, 0, 1, 0], 269

Timp de executie 0.0010655999999999999 


------Sumar------

 - pentru cautare aleatoare:  

Pentru n = 10, si k = 100 :
cea mai buna solutie a fost: [1, 1, 1, 1, 1, 1, 1, 1, 1, 1],
 calitate = 309

cea mai slaba solutie a fost: [0, 1, 1, 1, 1, 1, 1, 0, 1, 1],
 calitate = 257

calitatea medie: 287.6

timp mediu de executie: 0.005382630000000032

 - pentru Random Hill Climbing: 

Pentru n = 10, si k = 100 :
cea mai buna solutie a fost: [0, 0, 1, 0, 0, 0, 1, 0, 0, 0],
 calitate = 292

cea mai slaba solutie a fost: [1, 1, 1, 0, 0, 0, 1, 0, 1, 0],
 calitate = 256

calitatea medie: 273.0

timp mediu de executie: 0.001008169999999975

